0 -0.19043797992781 -2.004331207864672
1 -0.29907862726450035 -0.3690049110554756
2 -0.9688448242182492 -0.21594762953631283
3 1.4040870574035578 0.8860419099417671
4 -0.17510257511514163 0.10418448780544663
5 0.33174997899738623 -0.6122200280240956
6 -0.23536620586682863 -2.210426650160217
7 -1.1861538190717158 1.755869901980206
8 -0.9138021587271126 2.0316179327980013
9 -1.6110961324168709 -1.2136990227137867
10 1.1614340902255182 -0.9796026208286075
11 0.17773331882756083 0.7534547739353483
12 0.24895741252312106 0.15385971717455565
13 0.8583161623138462 -0.5773397115945611
14 1.7916814262697942 -0.42892127857123596
15 0.747157972415742 -0.4293904659823761
16 0.6645754678620823 -0.9920966364884947
17 -0.0009075074948752842 -0.026486779683767114
18 1.5915842825449027 1.854995262221003
19 -0.4204936478043469 -0.6085332697621189
20 4.786189613029038 2.6422543392235465
21 -5.122101324888146 -1.1612343325820875
22 4.967990396576975 -1.6712497468395535
23 5.069270845770704 -3.1852797551011327
24 4.922053939043262 3.2731516742235507
25 -5.3106175878899275 -2.5431793988051217
26 -1.0876391269958985 5.242070210438807
27 1.8106139109745296 5.637304021472715
28 -3.1201737929753763 4.616097029619568
29 5.251065413692779 -1.9046438658571967
30 -5.312213771718602 2.654694057874244
31 4.855989081822531 -2.4287684239877443
32 4.737855463920359 3.083905906574145
33 2.5659005035730114 4.815579071391181
34 -5.963894767662704 -0.32800467934249883
35 4.47739061884847 -2.32709119478147
36 -4.7823506849372555 -3.358174479271475
37 -2.815508607272091 -4.962574813415651
38 -4.01800449228485 -2.996885929736653
39 3.566470389151038 -3.675575053389229
40 -2.763782348758173 4.8882449252389
41 4.740452072077849 -3.256233364325351
42 -0.3838714896729144 5.669046432151117
43 -4.917800983530834 -2.868782680732346
44 -5.631092483664841 0.5849046010419426
45 -5.486003225760556 1.600490636222944
46 -3.787683033997921 4.385340312509842
47 4.9664821890716 1.0015481041541388
48 -2.993425180984141 -4.1752502531667375
49 0.1868164832179587 5.21509791515199
50 -4.823585804613103 1.7248833206449938
51 -2.6963672683738835 4.740581089618824
52 -4.819172705381115 -2.3783993519353603
53 5.0831414217994055 -1.3841854043900186
54 5.339429583070634 -0.09568182842377752
55 -2.610820570645293 -4.4259924881164325
56 1.20070875579416 -5.592888427215525
57 5.176924172538316 -2.8240383897205055
58 -4.094136409363577 -3.199981161701299
59 1.870163020411924 -4.785346494532981
60 2.2481631229934633 4.655665318360842
61 3.1934929892789348 -4.066525648973819
62 1.0910528638286672 -5.069662872122926
63 0.8181828329327873 5.9200054165750275
64 3.8555443574047303 -3.590869960974041
65 -1.7281714615688772 5.725539190716962
66 -1.4184143191582015 -5.229380402533199
67 1.0016567840819726 5.6500802696326025
68 3.984396873964653 -4.227804122199586
69 4.81253237991653 -2.625528273468773
70 10.716409032580973 1.2475709151491512
71 -5.837178311614285 -9.033612231971366
72 7.444795869602133 6.706926612806376
73 4.673543765386039 9.221994572961862
74 5.90555679008829 9.052519941473973
75 -10.100006835722576 -2.351723727252651
76 -8.15400735038573 7.371699474618953
77 -10.893407621156863 -0.42093499304544885
78 10.535646159867397 -2.679885291480875
79 -10.444623650522269 -0.7648961695501092
80 9.558855256099932 -4.698789842468279
81 8.918292615089618 -5.425187363872693
82 10.066838432187534 1.7415563348773682
83 2.0297714633693302 10.146896981458339
84 8.08085953884643 7.095292351785827
85 -1.8321787013474524 -9.878952446568876
86 -5.80009278086232 8.698765922511207
87 4.525622348000247 9.358662458386467
88 -10.558118046310442 2.9817197474264496
89 -6.602744009875638 7.807922711215457
90 -4.234067076524705 -10.025964303648562
91 9.306827295527528 -5.2947546019321265
92 9.536978749552562 -4.9597838415336035
93 -7.402154032769529 -6.949687428999482
94 9.53712656727875 3.0572207213223415
95 -4.038114424846089 9.293180529196816
96 -7.295001138095582 -7.193918613472155
97 -10.25425232543314 -3.3661209565963515
98 -3.982840557811801 9.810802663714995
99 -6.775293807871263 8.493334891073639
100 -5.937731291146659 9.197901021748281
101 10.610402699541876 2.386246609411438
102 9.224077184689145 3.9582941037030572
103 8.443077164163858 -6.78725533317734
104 2.8411813093589586 -10.040213820146109
105 5.796701818865193 -9.121776644356595
106 -10.264578562448547 0.7793489046949134
107 -8.931169858758103 -4.975449415174744
108 0.20133715040213943 10.216125975456537
109 2.0786364602483616 -10.462552620205638
110 1.8355086529829703 -9.943245679795004
111 4.515667784088252 9.898531887077578
112 4.930484602526982 9.390701926514636
113 9.65176382977689 -3.7396088368471507
114 -8.415030259719856 6.285082663768175
115 0.21250858848674842 10.956284905520997
116 -10.475463794749059 1.4007342378385974
117 -1.9187965870488564 10.447774738940739
118 -9.58241280201679 4.320213999636333
119 7.832782725275961 6.350568481000614
120 3.058053552390609 -10.169085627849476
121 5.575437908523819 -8.673859533466388
122 -10.34575207222573 -3.330348581344298
123 -0.14324993838852487 10.481726535636067
124 -9.890647909762931 2.9990586173219493
125 -8.743034124264094 6.279028791113876
126 -0.17449772863333843 10.316809931668162
127 4.371878099969399 9.705473312203422
128 -10.495844188693313 -3.091510215155171
129 -10.089991658021091 0.12063909118479373
130 2.2680415745441698 -10.636105261762058
131 -2.994537714563823 10.552667717770824
132 2.1960090076688714 10.400451205021387
133 -10.6056787840956 0.5576700432876991
134 10.260272227102028 -0.7376308849685717
135 0.8434759572957012 -10.762811708323557
136 -8.691238571245394 5.744203828993649
137 -0.683525673476814 -10.343334048979681
138 0.27163386588209726 -10.82866472941022
139 -3.094584542169864 -9.747693403344329
140 6.333174071706385 -8.328266161391717
141 -7.746178927262983 -6.766002735161478
142 -9.863999130183627 3.795603378288758
143 -3.095210262545024 -9.725645704100465
144 -6.1310940995560985 8.85658320317865
145 7.124084669199323 -7.069574693953915
146 -10.525336363097388 -0.43214501054184123
147 8.290147624901715 -7.055765641954591
148 9.920562726604246 -1.2580608445934398
149 -8.142829743647056 -7.000715220440048
150 -8.506693912176505 -6.518389948395591
151 -10.160956275739853 2.6975040909526267
152 -7.2455910680917865 -7.982080036088164
153 -5.208758395331401 -9.586737258729215
154 3.431618478292491 10.418947143491097
155 -10.820587770290508 -0.10739123499669576
156 -6.148190169679955 8.39186481470679
157 -3.105920462643071 -9.889304081893446
158 -7.475865791918845 7.449053562495282
159 7.446201585594084 -6.754206734307256
160 8.209111083597671 6.584702007421979
161 6.775285379212042 -8.332341823808733
162 -8.777362066845868 4.947386908514694
163 2.313504357077914 -10.610002762515604
164 -9.165368769499347 5.097524858128174
165 -10.736688338357268 -0.28598215242612424
166 -5.3553706787603605 -9.464011497444972
167 -8.890676196261712 -6.001862399884025
168 8.15956450264486 7.0933267716795845
169 9.28505247298618 4.342674359758871
