0 0.775940464304291 -0.6669407809489696
1 0.18864722019533475 0.5710081981721897
2 -1.1876476137341572 -1.6753241399200935
3 -1.6812504506130344 -1.1140352320900266
4 0.3561871473391669 1.8736735959305362
5 0.3529352245387783 -0.4895897386933473
6 1.7287749236575782 0.7911618883441996
7 0.1081828928839958 -0.24553818678737266
8 -1.1048173176651337 1.0626296965351962
9 0.17344623714551527 -0.8938970883616102
10 -1.2151872572337443 -2.0523582744115525
11 -0.6422146113477335 -0.2193576439480767
12 1.6637151493158373 -0.6050348730929707
13 -0.2139235229457743 -0.11699111800986361
14 -0.5363884777344297 -0.32410642681249996
15 -0.3299829506610824 -0.038240008121319585
16 0.708974308230607 -1.6798589522829903
17 1.108278776807743 0.8016563244179365
18 0.33099302458840757 0.05127687152166716
19 -1.7179702676779278 1.356934810187984
20 1.4822223516790596 -0.6783820123734651
21 -0.014456424841739056 -1.5264398163916038
22 0.981534000603049 0.3783690198046827
23 0.12601899682225692 0.6713025788481217
24 -0.7181089050369607 -1.1113861960406495
25 -0.7328930600805731 0.9069716849144854
26 -0.04077501435502543 -0.5287316144035935
27 0.08593184964289419 -0.09684837738084377
28 -1.4181707784451036 1.4333724771315635
29 1.5712603117187705 -1.1767908062887968
30 0.35218823900516455 -1.004689713896637
31 0.12939007299331942 0.0748565232007041
32 1.4439555289436155 -0.8903261126410829
33 1.8731830021201485 -1.2755323893221966
34 -0.7707006753972666 0.8942178876556484
35 1.4992623590745109 -1.0890487749341105
36 1.5820485032989346 -0.1428801004611862
37 -1.2053290489961095 0.9432767036605775
38 -0.046913352047558886 0.06017834288948763
39 -0.6683266596489663 0.2560134035577788
40 0.06359027287173317 1.847016237307847
41 0.6631193804058482 1.20015483054275
42 0.6051279959940679 -0.23378780758182685
43 1.3283924494773043 1.2431155790005008
44 -1.1907426549184248 1.3926956063179305
45 -2.1845096238378297 -0.5511695804379083
46 1.1687780288192906 0.010228328420317019
47 -0.4983773787530652 2.039177579248352
48 0.977463804891004 -1.4356531587770138
49 2.000607913499545 0.7539987602678306
50 2.0089113149840685 -0.9521423723613414
51 -0.4083199118126123 -2.4124643769134133
52 -1.566410494959979 -1.0264962545291787
53 0.10431447464987262 -0.3725182249527872
54 1.5557344439255092 1.1679754184773445
55 -0.02038391851270894 -0.25178761054784465
56 0.4251319129475335 0.7212095731238657
57 0.47110965852113934 -1.7785377036284578
58 -1.0580271662123129 -0.645015318726426
59 -1.2416031851601332 -0.3082963948550998
60 1.7149231250585646 0.020761559468700015
61 -0.5356145058715485 0.49480064362921833
62 -1.775790063610048 -0.49361477054632363
63 -1.0814016109130662 -0.15253652665181294
64 0.13829537130858557 2.3970821413683527
65 -0.20379267454057096 -0.23736135895585567
66 0.6463167060867028 0.227137547855411
67 0.4135588854746125 0.44397941081907955
68 -2.1819748670286416 0.8846669532020867
69 1.4881304635432826 0.10168558597043573
70 0.599437304991034 2.1782887219888023
71 -0.5791540477353786 -0.7757079047309129
72 1.6211649943093278 1.4318795779494609
73 0.4168105300857385 0.2441123755501894
74 1.8846910897579128 -0.6160534366764997
75 0.18182834323879318 0.0016660692764683266
76 -1.6387709569079707 1.175160554145603
77 -0.6856017878044388 -0.06590981725207663
78 -1.2835229307684783 1.0590125364201801
79 -1.6522776889387858 0.6106027728559114
80 0.02232863747417921 0.05496575946591852
81 -0.22587964555522125 0.10942874592400322
82 1.7158821740772057 -0.8541511519989704
83 -0.1756521207456778 0.47846793062063053
84 0.6843894878493239 0.5283916570642553
85 -0.24806380653341772 -1.0663577735041878
86 -0.058649849204076676 -0.11851998410485992
87 0.020621248728315455 0.07361142881649453
88 0.9290874894575397 0.15392547655135158
89 -0.37135297521863486 1.4030675143176368
90 -0.6391438122416928 -1.4962205337991514
91 -0.31102527321152773 -1.3241287132844026
92 -0.11338466287623948 0.30973655960593943
93 -0.13673276835100742 -0.49277860112940114
94 0.12519982375245006 -0.04416144312295054
95 -0.7029516777840887 -0.9788772031288387
96 -1.760294628205937 0.8927078957954145
97 0.674693634025107 0.14349593490835835
98 0.23777300551440453 -0.12231634483016976
99 -0.18836250032641416 1.4303124333084298
100 0.40810547183135604 4.283152607403036
101 3.9174630919647986 -2.911081350871603
102 -2.85514913919041 -4.301391416419767
103 -1.1846804439962904 4.639831509636392
104 -4.326741587813934 2.196943651184028
105 1.3310408090761998 4.675784055328845
106 4.936661286009556 1.592287469776252
107 3.5450464404488833 3.183774058113298
108 3.6126696960070426 3.0480251604912296
109 2.1599689009660348 4.016390042635523
110 4.526203466077681 2.3598430889893494
111 -3.9596198291853058 -2.1439769526168924
112 -3.150454406234133 -3.6552481951676388
113 4.892489160950815 -2.4631048009617063
114 0.9704934124331127 4.706559761317284
115 5.41400766678643 -2.138140202762704
116 -4.899049779862902 -2.184069155335546
117 1.5387456756424056 5.0585490439004435
118 1.7674477700857123 -4.656753802689082
119 1.5416030369540155 4.186292165500906
120 5.023404838698812 -0.36874483703573013
121 1.116095696044671 5.019591116327544
122 -0.7391596609294583 4.749585344505369
123 -3.913218801759581 -2.9313104577081517
124 3.505725487587467 3.9378311836141013
125 4.034082729515623 3.3338500347959306
126 -5.6085020132699315 1.40580084542239
127 -4.173702915166176 -0.4537041641612149
128 2.7236738113049173 -4.0621503164121044
129 -5.237940209810875 0.002680903175312934
130 4.522321320188188 -2.2313923279055654
131 4.740479963895219 1.4059843833018504
132 -2.7588882009761453 -4.8208828382632065
133 -0.42945234577901553 5.714127813581594
134 1.342203562771407 -4.300865252735307
135 5.044544279404264 0.23827446845861158
136 -0.7352241813628678 -4.211712448488454
137 3.802235171589906 3.124518297245853
138 4.860456605196444 -1.6265762626292664
139 -2.7121731147082957 3.12811427795792
140 -2.0408028612623865 4.56815363918351
141 3.4928031004582434 -4.759095803218463
142 -5.316189247933761 0.3619580088584079
143 3.695581897619466 -3.8128068886775623
144 4.179646651001749 -1.4513462381149855
145 0.5350396825317266 4.5760843661449835
146 4.706933471181507 0.6687955747698753
147 -2.048443859632406 4.769649822098478
148 4.75453463816162 -0.48921602089576705
149 -5.2912232396747045 1.0162152518181944
150 2.4951857836376163 -4.203266363081758
151 3.180157054380337 2.6880397363061737
152 -4.413184989617988 1.004146533834252
153 -3.8756430072511145 2.2086151033249823
154 -1.3982169403027305 5.26085444893081
155 -5.442355641769326 0.8797982171659867
156 4.049817060533351 2.357056413066319
157 4.785106153514346 -1.1963748716245652
158 -1.1472035008672419 -4.798556674925167
159 -4.876790670322697 0.9607659063132538
160 4.132394213586291 2.071526082001547
161 -2.626236004766109 -3.6522102363442777
162 0.32633966927599545 -5.728625959116203
163 -2.7064651702292903 3.913386952957922
164 3.7146221125124086 -3.969664348269066
165 -1.6697069202077424 3.981621022309381
166 -4.037085210397816 1.8498519114807495
167 -2.986987642240403 -3.2316001744272524
168 2.6091065065690016 4.715055895220903
169 2.3889827205944436 3.5593738374732906
170 -2.365889073261855 4.4857291730713795
171 4.149006980057469 -3.4638198567576475
172 4.236359169535827 -1.0401176023379703
173 4.967472001059283 -1.7720516913039832
174 -4.502944864163506 -3.1198557698830642
175 -1.1158338094462705 5.315975559710435
176 3.971156717455175 -4.183410793410426
177 -2.39778594519225 5.108399099169329
178 4.724163249669167 2.8521991483523315
179 1.9774133730751255 -4.608766977607545
180 4.121469611694627 -2.5552867066892393
181 -1.0393614751683196 -4.846178341120391
182 3.401246374234929 -2.253047355460029
183 -1.5307832442607774 -4.835948085030213
184 -4.2494421398871225 3.0310770070997926
185 3.4939876189275365 4.100556621445141
186 4.302183284789496 1.3576618587156388
187 -3.9420425599008277 2.350711860404864
188 -2.9103903502796373 4.830709825213405
189 4.909996473816237 -0.06575899532807486
190 1.317311104892283 4.64047505886911
191 2.511590399828247 3.600710577040904
192 4.575123977825537 -0.675685371570392
193 3.094737688715985 -2.9224602590178903
194 -4.850153020950527 -1.8231728692757325
195 -1.192228966571049 -5.078435795334545
196 -4.440968153429273 -2.4722307323587214
197 -3.4768346020252516 -3.6443933977350595
198 3.1536292676729643 3.845994347524658
199 -4.418648865886903 1.776878313684201
200 -4.268150184576546 2.5165945204197064
201 2.8185708480706326 -4.013096296731992
202 -3.9226886003254875 -1.496566432841607
203 -1.7707101152974225 3.7454701947667215
204 -1.8489832451260584 4.825878290745094
205 1.081886981470217 -4.973025228740423
206 3.2805013392211366 2.6127729088662925
207 2.3066627569875306 -4.014020621704633
208 -3.810186005758612 -3.2137742652340395
209 4.832204711499532 -1.2713568704705553
210 -4.625802335547935 1.4073738306785089
211 3.153776721748044 -3.7386750370088593
212 2.2537415872156337 4.612782639123713
213 -0.3131813391191531 4.3036755388821275
214 -5.226082501222137 -0.9842853848562967
215 0.4049279480963677 5.114150429045679
216 -5.868820066539984 0.13961397292021377
217 -3.64846357507371 -3.2873433237921295
218 4.759068525884421 -1.9876590172086133
219 -2.684269781113905 -3.8232734787064513
220 -3.0526664086684705 -3.1603026539703096
221 -1.1760438734581047 5.293915891652695
222 4.979342338278353 -2.136299392698472
223 -1.5819738676983368 5.2813404700858255
224 -5.070700021077832 -1.5151290424225674
225 -4.588994397787781 2.4998074013082245
226 -3.839407207361141 -3.6338255764947
227 -5.496618744435606 -1.258914191473073
228 4.71844273016526 -3.338316626290553
229 1.6919779039234086 -4.747852067126872
230 -3.1186311992003213 -4.195341624901275
231 -4.040842317946946 -2.438463119499405
232 -2.354597426705864 -4.641928284160384
233 -2.3862533250364026 -3.907808492327745
234 -4.27286042339983 2.896266581733948
235 -2.223183291236357 3.9129579101727443
236 -0.1125481786511453 4.353914397509312
237 0.9381815768510235 4.621446274626597
238 -5.257632658466234 0.7042189307316032
239 5.146821303264151 -2.092536965829121
240 -5.549098317577722 0.8857432770923099
241 4.218499297950696 3.8071133623736713
242 -2.4317544039592494 -3.845968319667792
243 4.591916057919351 -1.8384540507615181
244 -4.278424257430551 3.1967719732359092
245 4.0957990960674815 2.948705142945373
246 -4.636067512556373 -2.0474022233459888
247 4.076840075696559 -3.300082880499508
248 -1.3052948374839723 5.333629462894224
249 -4.363430609167102 0.3163717762819333
250 -2.2807906696544125 -4.767010441245573
251 -0.00812145452624513 5.27811771049908
252 5.098684793047877 2.124610794601518
253 4.183962105053615 1.3141439783630335
254 0.022308281414506085 -4.84266653767293
255 -4.499550783257171 1.2158502128469029
256 1.4333324516210346 -5.167489606300959
257 5.070778091457092 -2.3726464127411244
258 0.34652756748784225 5.434184063484698
259 2.7442256451920253 -4.991019741429902
260 -3.8384489493802123 2.0123978102085003
261 -2.443525964544023 -4.295731044124942
262 2.263006888237114 3.9297633169699773
263 4.794117184788698 -0.19127616237269923
264 2.23229438502308 5.180006804031804
265 -5.614597976163226 -0.20069390103443685
266 -1.006436369950155 -4.367301273955943
267 -4.293142789654095 -0.16967773669839
268 4.697394185109857 -2.856368478951949
269 -4.875110510148998 -2.317523413916356
270 -5.68061645235547 -1.3461336641084667
271 -4.4928865597999375 3.3087248129201288
272 0.8402944158209629 -4.8306430291987805
273 -4.153274363024289 -2.6167102527358432
274 3.8127576920462136 -2.9393559461086864
275 4.255484441565006 -2.408639423196003
276 1.4618044397428867 4.067070961343874
277 -3.8225499998425834 -1.694077546910467
278 -4.601111177452791 -2.6446580715981916
279 -0.8556779853379576 4.925580962349306
280 -5.242946709033519 0.06997147235874414
281 -4.272661571665304 2.005846369339325
282 -0.6015461554354575 5.308992561547708
283 -5.146127414101759 -2.134867752921353
284 -1.9640121346085897 3.9941153250265846
285 3.540574170019259 -3.405349223783916
286 -4.715040090076183 -0.9833354794500303
287 0.17198243541983904 -5.409035698584362
288 5.324789401015043 0.666031066480277
289 3.5926196868621916 4.339641966558268
290 0.2875316481006869 5.375150210562093
291 2.863003764814026 -4.061381889208151
292 -1.49037665459864 4.5663329913343516
293 -4.073705180211513 -3.5142145998228687
294 -1.6025526596432382 -4.421405382363529
295 2.3636473279679735 3.6855559360634
296 -3.1297767332508046 -4.350292565460516
297 -2.744263072631817 -4.555555622899808
298 4.3542608836273216 1.9776113108502473
299 -0.1993649399766271 -4.822509394625591
300 -4.206193664214013 0.042322637457975446
301 2.417090801520701 -4.316014849206356
302 2.6597326307088967 4.0132737739921405
303 -4.416304759054272 1.2777025110770832
304 -1.9557110839396756 -5.118218799533633
305 -3.329047781767854 4.329004358508703
306 -3.347575899239142 -3.99992928353834
307 0.6051678358395246 4.438817988185937
308 4.28776035542972 -2.9444224007946413
309 4.631929743055733 2.037587770361661
310 3.550263595705149 3.5271535831204486
311 -4.598173808671311 1.2597439062812628
312 -3.5308589617769806 -3.7279206499030777
313 4.089013982347865 -0.9404769841664904
314 -0.5837464786722522 4.955034306037385
315 -2.1739740439697703 3.545910495795059
316 -4.775534507573439 0.6910073795654413
317 -4.415383214265799 0.7685754537706342
318 -0.23041955996307567 -5.803321718884799
319 -5.117828617849957 0.12525675744017428
320 5.079072098123331 -1.1022588734054668
321 -5.45121673911385 -1.0749031773342594
322 4.104678743642649 2.4843388678194085
323 4.685448558627852 0.9542421349735188
324 -1.8546300546824919 4.182746836876343
325 0.47571739755975573 -5.669661131389562
326 -1.4567524893174686 -4.102206100888055
327 2.0544759452749206 -5.053946611914476
328 -0.49132388576134706 -4.606384687196858
329 2.6403691514220675 -3.58135799613378
330 5.319629104157985 0.3213517321218129
331 0.5396386638432313 4.629169974805049
332 1.449619457005679 4.0751116757379435
333 -4.287509013324867 -2.367750957023306
334 3.4071597628559447 -2.294101321457693
335 4.484520905724178 -2.819120445040568
336 -4.253042311560002 3.374727964765803
337 0.12109836792899331 4.452065971226282
338 -5.055267865276277 -0.665948868398476
339 3.2264814963379056 -3.0302717806763098
340 -4.666091538137551 2.4866535872915123
341 2.799512004473552 -4.268062560661633
342 5.496273150577213 -0.754994758118291
343 -3.9435138111733603 -4.103251399969026
344 -3.7683870642511925 3.455902556501432
345 -3.2909900408379547 2.7011324798749614
346 5.0428304897080025 -0.06866296328519443
347 5.828677074713793 0.45543714732286855
348 2.15292117003621 -4.058439300610471
349 4.829222298507777 0.8693657295966843
350 -9.831957063863259 -0.4596617976400344
351 9.404258508712218 0.6836777380215963
352 -3.712954833600646 -7.874596185852254
353 -9.428619569954082 -4.021714485359625
354 8.124388613765046 4.906911140282052
355 -3.2779583080518653 -9.082663317215832
356 -9.935146127001062 -3.2776361284930484
357 8.350177001727646 -2.735426965697717
358 -8.554892114972589 -1.0263479282444021
359 -2.4175387986438457 -8.007975997780488
360 0.007433752447961138 8.46616079341173
361 2.3408793559040246 8.815294515486032
362 9.605211538163735 -2.731818172790927
363 8.90764686888217 -1.7766487548559997
364 5.944910577955817 8.38039340870059
365 -3.151641524608391 8.755816693627315
366 -4.3090146902411 8.162011457838258
367 -3.2080404226904284 -7.59799048234716
368 -7.237152025046548 6.083922214940995
369 9.168233902963284 2.3806711025066516
370 5.221210462930629 -6.381283716428915
371 -1.2203868251334524 -8.23798170829313
372 -6.611723711147981 7.845851558559969
373 -6.427360256124846 6.657099640542254
374 -3.8232022561949925 -8.472545855948466
375 0.8232046723414421 8.678301189920479
376 7.87998576197675 -5.935123372896472
377 -8.053132519631875 -3.140372789057321
378 -5.61552861971402 7.371685393920419
379 -10.205344691519137 0.4048930689337039
380 -4.090062160225038 9.188531932898156
381 -5.412906530747568 8.513496093324529
382 5.072589148004486 9.293626026822743
383 -8.131383438809797 -5.8116304788419955
384 7.742095147270258 -5.130712039351105
385 -9.45563768412587 -0.36533767340239975
386 -4.229562426004186 9.287263760225992
387 8.462282133481924 1.7044183203643337
388 0.5398756882602964 -9.215971725965797
389 -8.881010785974988 -2.6690997136543753
390 -3.3254204912306817 -9.175743070978625
391 -9.932746071154163 2.921275285218025
392 -8.200394404877349 -6.648252294414103
393 -5.764059776383559 -7.252899991430537
394 -8.612644837177575 3.870370270836381
395 4.422763703973292 7.303059682155333
396 -2.9682888743262117 9.407671626735175
397 6.2418326559458785 -8.776330626018403
398 0.13396706279333095 10.533259911411008
399 1.5354510869120552 8.924978981365141
400 8.64912417895073 6.44627051937765
401 6.966481860755502 7.012437828248953
402 -0.4879837701360216 -10.80331526051616
403 8.681919205855426 4.274410479721618
404 -8.772854133450762 4.506301894364326
405 -2.7014310749532413 8.773983633558336
406 -2.325246167870118 9.07257228754382
407 -8.421921391964005 -6.356191417160212
408 -3.835523368826475 -8.612533949223076
409 0.4939553804931358 8.770184677395049
410 -8.385475043134628 5.080067791470618
411 3.173633649217077 9.517126956344864
412 -9.449052485520683 -1.4921083920602864
413 6.8561750960588945 -5.59894632760639
414 9.04737459311726 -5.334847683054758
415 -9.657698979025477 0.2629765290678422
416 2.190988713769053 -9.520750009788719
417 -6.2603817092604155 6.1300691901270215
418 -10.06544814577052 -3.096646555963028
419 -8.473363140557295 -0.35829611909452164
420 1.1960846345308038 9.017637325930057
421 1.7426048385393476 8.517875074627149
422 9.88909534600737 1.704169270883365
423 -8.655969536072366 4.845739859498702
424 7.650633120739069 -5.838396644439811
425 -0.6353619455389794 -9.297736724064142
426 -10.375078107368761 2.4899667318482273
427 8.225363954128987 -0.7035611981221271
428 9.144945379115784 -3.747383245157559
429 2.664243948513952 -7.875190767852627
430 2.06243072138018 9.692006071689732
431 -8.941920522865852 -3.7711126622143416
432 4.241066561478654 8.609440940435185
433 1.604164171547395 -9.569941782849927
434 0.5937896656042775 -8.568370104706181
435 0.7238709676221152 -8.305584114200885
436 -6.869469125907359 5.177076907423112
437 -0.7540494134627499 10.416120328445523
438 5.530959490556238 -8.065293280120622
439 9.159583180744894 -2.9200449227312406
440 -4.906026122166684 -7.2598115209502945
441 8.870282363212246 3.9227476839840167
442 -9.494133931192632 3.4851427174109535
443 -7.339789488671902 -7.1031070804143885
444 7.806723080108692 4.85009296678066
445 5.780098235108336 -7.0135603445206876
446 -3.2596669452018325 8.91880393966078
447 9.274111362915063 -4.22492951408807
448 -4.827832165988126 8.153579552854692
449 -2.2602558369311514 9.419961719460096
450 -0.06602215529239748 -8.324265273977048
451 -5.572837407434778 -7.6006341740592545
452 -2.0490876547885786 10.110676674785584
453 4.015412258249302 8.71996639015582
454 9.762997541714695 -0.332451505522429
455 6.313175563437604 6.528278726161676
456 -1.1305800448363972 -9.305098894800764
457 8.275012288882326 5.042734557551396
458 6.5699913651408535 4.863199244528194
459 -8.376545298037456 -3.4239386839096184
460 -0.8612528462980955 9.839427746978062
461 -9.72243080930863 0.8504302230232733
462 9.665749143324154 -2.878725370477294
463 -10.10586413377594 0.7342494803323353
464 -8.421573478385131 -5.2588274090235245
465 8.532781968387635 -1.8114545475982393
466 -2.60853805904831 9.695155022829903
467 -10.01086482761152 1.5301324882085572
468 -7.6319565026831 4.75183039945118
469 1.0567145346814306 10.071149326935746
470 4.612987926831937 8.00888972771381
471 -4.441122516774679 9.051106031369793
472 -8.934638437019384 2.3463132053264326
473 7.755208312971482 -5.809153113240928
474 -9.26229611042263 -2.5768089390940667
475 8.706519600927553 -3.2171458287053794
476 10.130012474100079 -1.7758361521744372
477 -7.367390685463251 4.272391931839293
478 -6.977698074692591 -4.6951565842360665
479 -2.352089706524213 -8.577053367135179
480 -10.342636255959997 -0.11511860688833997
481 -3.8114339704290536 -8.113097876621014
482 -7.003214007848698 -7.096211688015923
483 10.438590434340767 1.4336679317923606
484 4.624742125727673 8.151998868982089
485 -4.90334149753903 -7.287921671607722
486 -2.676679009211416 -8.52697737320584
487 -6.738966603097126 6.415914606611964
488 3.3619612106962484 8.162174123729171
489 -8.7115644761212 -0.7473420848879944
490 -8.76214326062656 -4.032056439192442
491 5.853527795497711 7.376976354378294
492 -4.852716345755601 -7.300547511841024
493 10.393612502605778 -1.6593870692333983
494 -2.1361642997832 -8.49625204909137
495 6.047374906734475 -7.299140778919316
496 -9.793189949922159 4.130658698019265
497 -4.0477390086520915 -8.140173600549927
498 8.01966705137909 4.486346315998617
499 4.3241921249090085 -7.153964274190545
500 8.640391706863282 0.17566580133870646
501 -2.8371604730109348 -9.55363060546467
502 -4.459386904926652 -7.383134031352199
503 4.908582803152277 -7.746235974443623
504 1.2439230290792864 -9.583377163023123
505 -3.766166543263153 9.233156478930296
506 -7.710802933494593 6.832366467112124
507 2.699982728979216 10.352676072808217
508 -0.667516710562593 -10.459783766942548
509 -9.450973776973523 -0.008218546703645893
510 3.2458086748456556 -9.809917615691619
511 -7.971711740883765 4.210929282185123
512 0.487670432620914 8.972067785953248
513 7.221784258475332 5.631822452625181
514 -1.0602639512730894 8.36382358568102
515 -3.580459324868581 7.7946790122489675
516 -5.6776123669610765 6.63203295964238
517 5.387047189863672 7.494100350397128
518 -9.55666210486269 -1.3477591225429228
519 -8.632247402226948 -1.9193728623293624
520 8.98905389471537 -3.5022498150146104
521 8.634184168587607 -2.2484485793543723
522 -5.560889971703624 8.706057704775182
523 -7.40943951064255 -6.775292055421861
524 1.1006155645363849 -8.981630025351556
525 4.981443778834618 -7.646449829032102
526 8.906365739622487 5.234209077439128
527 6.98845653676597 -5.522610405610167
528 7.952248512645217 -6.542359578303651
529 2.9544052149824895 -8.193719520822649
530 8.760928498372325 2.8291232670853708
531 8.832958988153447 -0.5173732454988357
532 -0.37674679400613076 10.588980024224055
533 3.950823322845791 -7.5830704429605085
534 8.444982785586507 2.9167373045020306
535 -1.3319164063580495 -9.71852035166124
536 -7.13909935672524 6.033488253813069
537 7.915532704967291 7.411153023873702
538 -8.263217942592053 2.6347142661188236
539 -9.823846126907574 -3.826301103635324
540 -1.0198550265711772 -9.194581296725682
541 -1.2974142119063228 10.71747737247161
542 7.477494950835866 6.2449748959020175
543 -4.513315842562774 7.946952802598054
544 1.321007020393308 9.615236855006849
545 7.0113057733475745 5.0269654531942525
546 -7.547706642331198 4.735214769957528
547 -3.1922712437798624 8.291704515855335
548 7.722483710752852 -4.407760189078035
549 7.792834576163416 5.8730230882521495
550 5.644053002847772 6.13471293330011
551 0.5980320269265718 -8.863907427838685
552 -5.427070503172844 -7.279619817369952
553 5.496070790037801 7.5377549486383995
554 0.2143725741011264 9.196674434401562
555 -9.314440684746085 3.2358934494219382
556 -8.608950131934835 2.234970202560131
557 0.24098257776198279 -10.128909954661827
558 -9.565702554965632 -0.49803008682816924
559 9.06998910849762 4.256101280278117
560 -0.3576359191202948 9.726959249200034
561 -9.189604901230764 3.9982130457994702
562 3.5036063896836183 -8.234514494924044
563 2.50584158085421 -10.591018529702227
564 4.3293876586828235 -8.445746755470578
565 7.233918623603313 -5.20950767365438
566 -8.750320495316634 4.06876021014089
567 8.745406213680502 -0.8455786608197084
568 -9.227776356488667 0.9234607554726565
569 8.412397694800351 4.743867587167154
570 8.633869588581314 -3.6413202026362366
571 -9.141893582735902 0.3435368100228316
572 7.810060815985445 -4.69833470564701
573 -1.9656080483484106 -9.383364335426904
574 -2.435050123302991 9.739375851738629
575 3.3850843175773355 8.755972406714717
576 -3.9087005681944715 -7.750829495605875
577 5.476455356965951 8.898211049600858
578 -4.763648443365384 -8.58212872615818
579 0.23076203995337866 -9.022098033399981
580 8.344517662846343 -6.418304884527662
581 -2.295189366342598 -8.60329380919298
582 8.976354614383611 -1.6982416288604072
583 0.5746950843817237 9.838089935372876
584 8.320444327489755 -0.4594528822817186
585 1.6781118844722593 -9.546955051628265
586 4.722902701706054 7.905165189795203
587 -9.775409625903857 -2.6881349958116356
588 -8.435210006636144 1.7948117004971267
589 9.686272861196969 -2.3025252435411057
590 -1.0869521258766657 -8.799469889925195
591 9.104975460563418 -1.3026680172246214
592 0.655677022721013 8.462752045034094
593 0.6100199021302607 -9.356930620370244
594 -8.37168396465366 -3.6471637060720785
595 8.676355626020584 0.21911593508683402
596 -3.880138761758679 -8.437863816586148
597 5.1749960241949475 9.203145677322507
598 7.516825879889898 -5.474789452274295
599 -8.343845545836931 -3.7984579114449346
600 -9.3239907209205 2.567117726747293
601 -8.712077364010751 0.36213457112271497
602 8.66614640022716 1.0530649333227502
603 -7.2319371404264565 -5.908245980936146
604 -9.360410431260538 1.5270950332493374
605 4.177384348268237 7.766980317561251
606 8.202542073618407 4.07114335311464
607 -5.263166258399341 -8.267861295892258
608 2.131209699152474 8.357054010025118
609 -8.553085463981557 -2.562643808468284
610 -9.399862843418635 -3.363203476853492
611 -2.533881187382123 -8.688885274232101
612 -6.635681757636285 4.773705127277871
613 6.623973331332845 -4.86323446443134
614 7.339316863136094 -7.052894323145221
615 -2.2306396448862733 8.519130160564995
616 9.064777866107327 -1.9700362240337352
617 -2.22700898492931 10.007941416608602
618 -9.023766890201964 -4.321844444506377
619 2.4354209095195536 7.6925112749555
620 -8.017778137890183 4.598356743851928
621 8.435479958028816 -0.6861699288709505
622 5.614292891341571 -6.992731864646514
623 -8.079290494505338 6.19044975209487
624 -0.19818857634564438 -8.86624950884614
625 -5.1282883097227625 8.426691935162168
626 9.051344201052395 -1.6910115077020338
627 3.275511976302777 8.216198356749981
628 9.870228112568142 1.7917126375736834
629 -4.709226217645271 8.97779049516454
630 -2.8691408014642845 -8.847792932833379
631 -2.559348799369281 -8.047617594236753
632 1.4181117266707017 -9.180087080709779
633 5.859045599841229 6.945917520009612
634 -7.413938483773496 5.170668092845358
635 -3.2021819932746407 9.877042411897772
636 8.749813727222865 -5.244939118124187
637 1.5708189291530823 9.569015076035367
638 -9.86842006794974 1.2171872899569964
639 -3.79887288130268 -8.928619976913858
640 7.036700243518444 6.621698710529743
641 -8.485674167214995 2.2410439847096746
642 -6.401641493188842 6.968859614739676
643 8.504936548918339 2.9151045738884274
644 9.926136879160092 0.5950706137944983
645 -0.7552223247876213 9.107474523227902
646 -4.26234156164758 9.78072402793814
647 -10.310527868861834 -1.5375354180413467
648 -9.036663614653529 1.5805200954721539
649 -8.975191296722805 1.705116820851026
650 7.340943411864136 4.446287459006732
651 -9.017635890464408 -0.7196662824453
652 5.778734822928961 7.155808077687182
653 -8.903268198935123 2.2057078685345592
654 -8.439507863657312 -4.542167511741226
655 -8.398277189993774 -1.7878888355464782
656 -4.29199180172262 -8.2509725447791
657 5.63318442239482 7.404211668876607
658 8.281474433235566 5.2787556587623845
659 9.66551033107866 1.3827806438922372
660 9.211340471251416 4.665492579674176
661 -5.498148995983879 6.812396573942003
662 -6.639515962850111 -4.951915095560242
663 -7.893835431592011 -5.504009695666787
664 4.371564543950511 8.262459904389932
665 8.982126991146798 -0.48814226436403524
666 8.952778533325475 -0.75029426469784
667 -8.568205917962043 4.334873122215881
668 -2.824559525655212 9.470827370771724
669 -1.087085102329755 8.323918551135897
670 -0.4288776093618736 -9.720858724346199
671 3.564868298189488 -9.018807399596296
672 7.193182314849388 6.556205810881058
673 -0.18051272355588505 -8.409014378568502
674 7.272231752978679 -6.010437401391896
675 6.544011361713704 -5.934564907949882
676 -3.2909630775304515 -9.723895204080252
677 -2.2373469090239744 8.27444759344617
678 -7.252493694445127 -6.747022613145919
679 -9.222437595590955 -4.080364220036226
680 -9.07451735724738 1.7385120768365638
681 9.245241504956969 -1.637464541762798
682 8.911045417794817 -0.6636806220928194
683 -2.8887754182709924 8.322973246971282
684 5.024953898732416 -8.080647713998712
685 -7.812557111311101 -6.179105599032639
686 4.930726994000609 -7.807339080775457
687 -9.898552427186784 1.8437397531195394
688 -8.890299089272535 1.2123153940927403
689 9.734991910282478 -0.1120070848997312
690 9.23529932084774 -1.0515490469619295
691 -8.69553925042095 4.06616936137028
692 -5.648846649888899 -6.4033465619228895
693 7.670114507279624 -5.550137758427678
694 -6.410068170253848 6.716209677143816
695 7.139673398525637 4.9505545763935945
696 1.237003345236022 10.235034045091126
697 -7.280529710646872 6.220299987712743
698 4.762945847545502 -9.047458664116306
699 -2.994620084780547 -9.735432770325268
700 -6.772963653728123 -6.814968757507775
701 -1.4715370985241294 9.910162967541977
702 -0.21941393189087943 -8.351796217842159
703 -4.726521684282221 6.955879228277354
704 -7.531802592961386 -6.058913208493974
705 -8.82700606006145 5.424354330706805
706 2.5521982814509427 -10.153368835877965
707 7.8422052185149145 2.9093290765869653
708 2.673342091892989 -10.118918931965931
709 7.615430180409557 -6.24859627943348
710 1.7095357918956111 -9.493332844341257
711 9.449568332767933 -3.6235161529709017
712 8.926539639697854 -3.3965103028795975
713 -7.622587337785847 -4.479287237232507
714 -7.520710010275231 5.3855339327836065
715 8.349358074251194 3.217496579779296
716 -6.220095849795409 -6.29464282312082
717 6.571114578877151 7.9793443662560115
718 5.233930778727011 7.9313646644804505
719 -5.653252171179827 7.105111139622907
720 0.37782598323032146 -9.576447851997115
721 -6.0441505375289735 6.47956767722532
722 -8.54042826690949 -1.259435571987448
723 7.603469430917892 7.38406354806776
724 -3.2779547166005916 8.152090674239926
725 -9.251020421922856 0.9095361974081887
726 5.736039337135612 6.440193140512633
727 -4.054433570777084 8.636927049628655
728 5.07074726970173 8.486969136876
729 9.898939264122014 -0.931301844479778
730 4.023100038291716 7.593208193072236
731 -10.666395119087772 0.21505488946961862
732 8.340707691126351 6.52565309706982
733 -9.777852353630955 -4.1690340131936745
734 -1.2574938909150677 -9.603017324254635
735 5.943187704379895 7.521190592528207
736 -3.6105986493771978 -8.531612254215208
737 0.5082909604215452 10.04241098255918
738 9.052655748939262 1.4330006149616101
739 -9.328448607524466 0.7287412275645736
740 6.245272371624256 5.656803780488255
741 4.646356970743952 -9.305299588108133
742 5.95995406263001 7.150346816989883
743 -10.399037666272104 1.199327390604476
744 7.880861264322862 7.064330279982399
745 -7.5251558340950515 -5.294396100420218
746 -2.7320719394773025 -8.5491888407117
747 0.42658198487092136 -9.885410318423535
748 -2.5503553507632226 9.98823895806756
749 1.7381298664943756 -8.367963923737598
750 9.791253660810568 -4.089845617932258
751 -7.194679937124488 5.409889852636673
752 5.347553650954709 -9.001947494839136
753 -6.784541913615369 5.385488529463189
754 2.2181187934250617 8.260041637655155
755 4.882853571836963 -6.7552896700956
756 -7.48742215019267 -4.3047141541763345
757 4.719989650903385 -8.950602745364536
758 8.039757407006102 -3.6113749857535518
759 -2.7270310825456305 8.814500275941263
760 -2.1298614548879042 -8.364891882412369
761 -8.471976488456226 -4.589904781173382
762 -0.3003188502793855 9.066019187741821
763 9.373435462350326 -3.385141002535425
764 -8.490447666746801 2.246262171032589
765 -1.6454852679810752 8.868070738375868
766 -4.562629992105705 8.706976040090726
767 8.324799264146225 -3.398024811994273
768 9.750200650616373 -3.8683457094028517
769 -6.676468483830189 -8.030485357481453
770 8.363501903086751 3.7982914031897836
771 -8.394879663954336 -2.065245489990071
772 -5.830011746652731 7.060309798709738
773 5.7513756396864455 6.218247267024135
774 -8.218468470415903 -3.875306813768298
775 5.582364486103562 -8.120681882364517
776 -8.637731236578116 -4.571531836054469
777 -6.190803740823625 5.45258491461837
778 -7.221633481060617 7.298396352076719
779 4.912120117402548 -7.182068449012869
780 0.5260573389078026 -10.104841065821764
781 10.066944130752974 -1.915477456369861
782 -4.591021711010491 7.462198799885036
783 -7.698341157367434 3.9647691688920528
784 -6.554988609059589 6.431494122321151
785 1.9411450027141264 10.06677731860488
786 3.3418593346907204 8.708121501937821
787 -1.0919980124971391 -8.898393913488091
788 -7.987398186270612 -5.494757316333411
789 0.8209217835795243 -9.786324175185895
790 0.8393517385390916 10.108258922477447
791 -10.164373669303377 3.035868503546518
792 -10.332960220336146 -1.9596724698781796
793 10.062950634459602 -0.9954277000356794
794 1.6524500939348392 8.936650125632001
795 -2.6128190116142886 8.410209327240606
796 0.5543365571417609 -9.41756160370787
797 0.21445507566122832 9.86587362107037
798 8.95737080506573 4.4925006988484
799 5.070227383626763 -8.716092788832347
800 9.936339383707063 -2.007733514683833
801 -2.7244780582489208 8.940748421560807
802 1.7323703168555926 -8.660072415823366
803 -1.1279693254113994 -8.84631912849797
804 -6.390619772003606 6.500819828584536
805 8.703328528153754 1.0244660478540262
806 -8.892415332798457 2.0852644186487144
807 5.164152685391145 7.776701267525057
808 -6.987232339375187 -5.795541780656912
809 3.680381905927702 9.451940230958874
810 7.639295837130004 -5.879728228952632
811 0.40412131562875026 9.206579378940578
812 6.746712828890792 6.793628366085992
813 7.367611732404763 7.549226831354478
814 -2.7484094033229423 8.972165705343501
815 5.271042982897918 8.412814596936052
816 3.4758624246345726 -9.190270398304044
817 -6.3651807041909185 6.965220145098056
818 -8.369764433481322 -4.252550550553283
819 -8.057498876950143 -6.842363859433068
820 -1.1219291747080666 9.037197903000937
821 -8.756143536300952 -5.058725566072032
822 -9.52362072517447 3.1057515724180496
823 -4.28386783817496 -9.197277901742432
824 -2.963779099506163 -9.237366681639708
825 -2.4260874342176755 -9.502769530404606
826 3.697519011916687 -9.48494631771518
827 2.5101356643382435 9.466897404025232
828 -0.9399313953952896 -9.68747367557078
829 -8.434807816242948 1.601435822812124
830 -0.46387118372822705 -8.395318258192178
831 6.061779954557201 -7.028070060005476
832 2.4332011689241693 9.474925884537495
833 -5.534127143635326 -6.734295198866213
834 7.335658476927323 -6.801266086555022
835 4.051100308756699 -7.738890399323609
836 -8.67043708663242 0.37467208384218875
837 7.466404458175505 -4.096650500578378
838 9.45563259307324 1.5133265927304358
839 6.326642950587455 -5.690574953198375
840 -8.786158292700923 1.5289078156596694
841 -4.757168487605623 -7.543032704916768
842 9.034905330197214 2.6198365687562823
843 8.934651370873587 -0.0433430183240791
844 -3.6903159559977534 8.289626716785154
845 -8.744793398040276 -5.616305137827544
846 9.110841864656916 -2.1441364603173096
847 8.757364866490137 0.8695195188813177
848 9.754146749331065 -3.973086021658434
849 1.7788828430855066 -9.045085330967211
