0 -22.07176204821644 6.662222597871509
1 17.053907144108564 5.780318050260826
2 30.915227848476118 9.043039124326354
3 5.82120414024826 -38.70610616901093
4 1.9877825550797514 11.197588874672256
5 -47.21163953482966 12.506708942247842
6 13.899730616712187 -15.401684232934144
7 -31.118704694119053 -36.08533802812881
8 9.207174591433366 48.29056581639648
9 38.82306420127014 24.804980969192066
10 -38.45724614272994 -8.435073125606813
11 22.536387269995252 31.05645942307621
12 -22.843251644502836 25.280103503392475
13 12.136086884389076 -4.487665103847465
14 25.239339644032945 -13.407951971919113
15 23.035345770508304 14.855226562036998
16 21.795019972681278 38.86186574747749
17 3.267755076869709 5.660191554236005
18 10.607792341482385 4.731552305767432
19 8.732684374076848 2.1430727136151697
20 -27.24649026995067 -17.478168342461053
21 -17.925630889689135 16.835741907595494
22 -27.202585397098463 5.1992953472003345
23 34.6099694019798 -14.503613502237371
24 9.486420305258344 10.471242691767445
25 -9.006079811433395 -10.084967752132913
26 5.881314606324682 2.3268706870094285
27 8.015634507392994 -2.3619216896171413
28 20.0564710904947 -7.1487934751063165
29 9.172220918992688 -0.17046739163031147
30 17.879419590609526 2.5776233848041743
31 -17.87378478697134 -0.2144118612554241
32 -2.5376772997264645 -3.1048281806582105
33 28.265620700001122 -13.739785189569018
34 -39.8061490665625 26.254886403925223
35 22.29854412921839 -27.59331279178965
36 -13.904554002532224 8.233370513163468
37 8.788783636495273 6.701159853324711
38 3.9194040267376837 -3.872172354969529
39 26.89852127649319 38.24947671797725
40 -15.237116430004539 20.82417527722232
41 13.402343460162815 -17.70646580955622
42 -8.647340078882271 -2.50394987458038
43 -15.634116019864699 16.892665254282225
44 -26.81764369345745 -17.05987417766035
45 2.1280627884142067 1.2533787732892343
46 -8.303427603043286 -43.93777957019896
47 30.50881026808039 -1.4566341836597303
48 -0.1737107054975297 0.30802327457632867
49 19.325576529040433 -24.90484560924577
50 -17.69994209609535 117.80991720346816
51 -25.781975435777962 122.04182573204558
52 65.78468930938395 101.84652053387478
53 -19.934584440107436 -110.54877127048599
54 5.633521929793989 122.8495755508325
55 114.89036926805063 6.1703555063041735
56 -114.46411954387891 -46.654987440578545
57 -85.56996763265052 -61.37267068941973
58 91.572638066083 31.450715000439693
59 101.19044524696046 27.99709499727592
60 76.52402707521945 59.224110725000514
61 99.7320401342135 45.41410208985655
62 73.63309830227398 90.24547767751434
63 -43.19585671737938 -93.05976292299083
64 -13.862229438509143 -124.80919369718318
65 -87.11357012842016 -52.41989321329737
66 4.793874787238349 -117.32961351739462
67 83.9729538675084 46.90863936027423
68 -71.73313035830677 -61.30487047370392
69 50.10435747622455 75.82598609340366
70 58.8457080396594 -91.33211128394984
71 -103.89975757689174 -71.21360983507027
72 -46.30230282657514 -119.55715845816285
73 63.69806200451704 -66.60062137690801
74 -1.6262195170681097 -119.22857103260652
75 -79.95047033174664 -67.92310035346965
76 129.4946215958688 -10.47730714561522
77 28.187645639704183 -107.34862661242359
78 32.83003664328305 99.8964094887031
79 -78.02021776889397 -59.36716553910608
80 -46.57602924207654 -120.55437652505248
81 17.13189112955619 -108.64981962650054
82 112.29162219104697 5.175385829833643
83 -1.467626258828377 111.31740024710757
84 111.38042475693014 0.6470327206270865
85 36.89119312537031 108.8817574240097
86 30.109696345814942 -88.03550671636782
87 17.559620199741328 117.30864125903037
88 -59.833953095650706 77.16919664704183
89 -87.38046472946421 -92.09330009864303
90 -31.310092507362533 -100.14715393758298
91 -78.93039886782637 100.1165281453068
92 -102.98593941653444 69.31926956680645
93 -5.937687220719708 -119.91483140012507
94 -100.89366864923896 58.468721931453636
95 -105.0731776233287 -64.95128969211922
96 93.88932477548829 -61.0621012762674
97 -88.93575562153742 67.49498166688626
98 -71.06340762144211 -68.00748511492597
99 44.48957861922609 110.2200815848777
100 119.66961604180426 2.2964373254745456
101 18.029566579458553 114.25953811881014
102 -96.31842369420966 76.99409802840832
103 -97.0197189671027 -68.15396342326183
104 -45.19643042877714 115.37029027369776
105 84.3060907477229 -36.94057128190582
106 -46.27555264471291 -95.55576345989438
107 -102.37235817557253 -36.32575361128477
108 13.758127058473029 119.95017647504622
109 -85.91650751996202 93.62389580251148
110 -105.70488037259213 -41.92991719938863
111 -91.34410795384615 29.132071677773222
112 -71.89364170760054 -64.71448726771534
113 76.17761136613127 -49.771400509214025
114 62.39815159979572 -82.27611524867143
115 38.30247277138993 -88.44300942933518
116 7.695165594428169 111.89076906067662
117 -1.9819310085291448 114.46889213879649
118 -88.33773476878011 -37.31701182847833
119 97.11643345294304 31.020149458362543
120 -106.99183408879017 36.52546182521288
121 40.94780116922867 81.38431927632362
122 -106.58456393807653 -54.149093566580476
123 -96.74145626015087 0.9206055623879587
124 61.83996627212618 -78.45603359233223
125 53.144018581621324 -102.48352125207069
126 106.37338623260018 37.76844662182131
127 87.9506036201706 -22.414037974597164
128 -44.22662627421452 107.03514067239337
129 -40.16615172083144 -103.03925340142571
130 -87.41496382290971 -32.07481534470945
131 85.80830482787285 -65.59912189247629
132 -82.62884427364231 -97.28795602112795
133 111.73589279968614 -65.49099024863878
134 101.27843697290048 -21.521268557485758
135 73.55614680325698 92.63665378944843
136 119.55682923860292 -44.009662111628636
137 -94.86390867027102 61.585304661825745
138 -62.05020978390395 -91.54047511644212
139 75.29483320623568 -93.0919262987916
140 -54.971506158560864 -81.5815087959826
141 -108.7516591132922 -43.64451104693539
142 110.01306147089407 26.18989443675135
143 -15.781005340161952 97.6560620663894
144 5.858541111271257 -114.26584888202336
145 -113.59565086190906 -46.5846129405791
146 63.049239745958616 106.38894263170937
147 31.41626601942705 -96.12935031389021
148 -32.8188276465502 107.6686068941704
149 -2.7217704896605217 -124.30283929400625
150 -93.63412192465792 29.283068752383237
151 39.31325136668022 -93.47660333243691
152 15.152346178011976 111.76908133742654
153 -98.98562740479181 6.741523346366335
154 26.717497921873125 -93.45230822576632
155 -47.46524370188388 87.62435016458524
156 86.98586227561539 -70.27979052260328
157 89.08122120418567 -72.51634574094999
158 -43.06216985802289 104.45003783023712
159 103.9679276711251 7.8269940856959215
160 96.00428741429215 -29.26597055171312
161 29.855032371717453 -121.86717309145973
162 26.99710477162735 -87.40239490940088
163 -129.16755402698502 -9.823269188382694
164 23.84659670698611 -121.28810493094858
165 112.222575822944 -8.183267308979048
166 -57.542964265793856 95.83195629348874
167 33.81014094752064 -96.9141427420815
168 -83.68896576840731 -93.55468655528678
169 118.7657150133443 24.708783177027783
170 -114.50615654316849 33.621048068812634
171 78.20868634592892 -71.60782228861548
172 106.44963951627027 -64.94161172038086
173 106.07345404715794 -41.82227417595283
174 106.86407336846065 -65.52623317613565
175 -117.22145596024218 42.00176173049424
176 26.200066971308264 125.99908531665956
177 -94.0388215322056 58.0867497320006
178 -21.18620780276819 120.06539889346031
179 -116.00588722361653 -15.21456197574693
180 112.40233209920108 42.20761739032967
181 117.51722613770912 24.192393701707736
182 -7.465461205690267 -99.18032579238677
183 -37.44248029149987 107.88413095106165
184 83.90612339397303 37.14389414954925
185 -97.12319667638627 -42.00828301235835
186 -0.38871478712266055 -95.82294687906153
187 6.543410493681951 -128.75477656715904
188 -10.717871997914466 118.63993077751299
189 83.36706517389966 49.928394298785165
190 108.22280958552841 24.942906007052635
191 90.55814525078894 -85.3858858529289
192 -83.19148558775458 52.31527041983555
193 -77.58522099387596 -65.90168920571661
194 -115.50680420209625 -23.767622455489228
195 20.064369103302273 -108.87179868034342
196 39.55896918439634 -83.9741983952412
197 -80.5270305707319 -68.34359836442654
198 -65.04684867176546 -86.27019439082413
199 11.58542348788142 106.99073187402504
200 -113.98518593452916 -34.343781646921336
201 -57.563358680129085 101.47087306322916
202 -100.30317508445629 -53.42439363929723
203 120.51069408758482 23.389731321785035
204 -105.22783121891321 -63.635061958134955
205 108.31021260746576 -3.6467069460898673
206 39.47320732332642 110.9476929599698
207 69.26628841301701 -97.3475432862071
208 -109.88539412511177 -26.831967856621283
209 -95.32808634887992 41.3003472529228
210 98.89594863245436 65.49954366993619
211 -123.990007092254 -25.509297130316416
212 -112.65508760573229 -28.196032017099647
213 -70.18225363153007 -109.31274757474188
214 -82.15415839784708 78.86839751506135
215 -22.400218722708054 125.13775026830177
216 34.119098710536235 93.71263866184265
217 59.50642688884807 -76.68882650468005
218 -84.8723067270146 69.66184054867907
219 -71.74787407723714 -78.82413910135813
220 8.306219214010563 112.87271651904537
221 112.76304369405136 -47.58392357767965
222 51.00042362628801 75.37871175193726
223 106.69191456828142 -56.78411730991344
224 -82.42622827037873 -96.94219721142642
225 15.206389622106395 -126.09185069816701
226 -95.33759330836327 -76.78496649427754
227 45.020135685812704 105.92553768474849
228 -5.219118468300411 -121.96443707589414
229 22.221497264597986 -92.4566830574022
230 21.091434957531696 -104.79000816122756
231 -16.34626847545173 -94.9782378535904
232 -91.27470871667867 28.329432678687464
233 -60.279764851900225 112.06169859120934
234 -26.512932776599 124.51710162765902
235 30.85407018836875 125.70198677873552
236 -28.163306280631275 -122.97342274213133
237 69.23293572870645 102.74367618874034
238 88.90300259397137 -49.739984225960036
239 49.16546753013648 -92.49912912666403
240 87.41631692014381 46.12127055060981
241 -71.50540870162162 -93.9581345113856
242 -6.933351192128636 94.1262356886862
243 -51.39373874027778 90.04881829266762
244 48.20895995119114 83.20598777591506
245 -94.27775682512619 74.50857678629745
246 68.5581682776382 -82.72816356794708
247 122.8747484474155 26.506920460018048
248 6.641265742162554 99.68590499206323
249 8.769257775178223 113.77572927798145
250 179.034643175847 70.92377902394396
251 -133.78656212620513 -183.29159160730114
252 -13.63619957080225 210.70394634711172
253 216.998807964906 -73.23495806491842
254 -171.84056962545245 -90.59321379572472
255 46.78121057587715 192.00497144842353
256 -56.85072149098068 225.90991252886923
257 91.75339703623168 216.27390681632468
258 144.50438384937786 144.60040252612876
259 -96.61577438985718 -216.1154003770231
260 236.51846220671882 13.826197220876267
261 169.52975941210224 98.7290699959458
262 -223.0810286664296 -13.832941882169122
263 237.4705288209603 2.942357473882564
264 -32.98303502182418 -226.82765527055113
265 98.30498324408138 -184.9740505373764
266 -37.736373264318885 192.71553063866793
267 87.59437373506633 -164.28848438681877
268 200.71725285376993 6.062878186635846
269 93.3255297411229 -187.42907342371785
270 -79.56324480449763 -164.16036851811606
271 194.25392207630273 -64.64060754259819
272 212.34613442300812 74.93671698401204
273 33.41067379307992 -226.96703678749438
274 124.61654477226556 -193.22143974610276
275 -222.02776915609275 59.81127972148049
276 -203.0611710811339 -54.68425183691671
277 -228.0802795717528 50.39127715033683
278 -86.62981415708394 -198.0851525090156
279 -216.4075805738856 -46.81605751897061
280 22.48286482698333 -192.67291713622097
281 237.73584274556725 22.59587607503749
282 -171.3519909327455 -84.38499733828482
283 -141.90410297115997 -175.22711653025155
284 197.29467427499114 5.532235511775099
285 -103.73672511706832 -172.30454274978527
286 177.0283959248062 141.86911792143533
287 130.915626235515 193.6426280917292
288 144.8489141617799 -137.121553256425
289 206.16738351583507 14.452819571450739
290 -174.50158183576573 -150.60721198784873
291 163.10777008862775 174.46502350711123
292 31.725042275006015 -188.44472718049997
293 100.60943936541456 196.6224098170616
294 -125.81246190338857 -130.99438276001317
295 -204.40017647508884 -34.17033654292732
296 98.8917146171526 196.92251869034854
297 -163.09492179309936 -127.3594265832287
298 23.843467209640032 -186.73265713108833
299 -22.860314771732213 217.1451552324732
300 170.80503910311987 157.17329618723818
301 70.17887747668003 -176.0652301344445
302 -184.00208847968878 -101.43258796484731
303 -206.31994109818638 11.19953571822618
304 218.24124829918523 25.912675049488264
305 20.920268134133195 190.85357358113478
306 221.75563590471137 7.267543556095873
307 185.32764412882733 -104.27275148525153
308 -15.002161695635348 -217.87995144016247
309 -31.620975302764055 193.26525868054236
310 24.99159403549885 -216.96422044445913
311 -122.18418830779174 -176.6420071034966
312 -115.89933850740584 -166.37212340099921
313 45.62079997114012 -221.21079475315562
314 108.21199008572499 -144.14417455542988
315 -175.07312482573275 106.79705367780547
316 29.52682268370611 235.47773740711685
317 175.15350164087806 -158.40569963315556
318 -136.52662689252014 164.33974291212087
319 143.06519377896961 154.2420203622252
320 -217.9598126069322 -12.92000289830171
321 180.56020211245482 -14.044371247593322
322 112.54933857468221 203.43973346649554
323 -108.92802571633227 199.40130131885425
324 -24.496754478215824 -183.6558409577516
325 -2.366457217812134 -231.46106284346152
326 188.20869694512206 -122.48586231743957
327 157.03020769489848 155.73662229856535
328 -73.14917698816045 199.36754402259646
329 155.7714197406469 101.26171949664379
330 194.24778543423787 -77.7658431221832
331 -205.23205825064426 24.75359894984631
332 110.15626802225735 187.01794603132984
333 146.69728055408333 -154.06418429842654
334 -129.29952591040106 189.54947632683198
335 -227.71645658305837 -30.617432044777647
336 -35.96185805289849 -178.5062488863869
337 70.12732280286461 167.2121823792088
338 15.765878809361004 -218.08637240864715
339 -53.26320573328431 -196.1744947099652
340 17.332340049213716 -234.9080414795645
341 72.27068658395527 212.94533556768494
342 -127.13626392948176 -203.0636035525256
343 224.02378864959925 -45.27319224208695
344 -100.63514331445322 -152.4690998377115
345 -157.6282405055751 -143.94244630453724
346 46.13991069989939 -219.0536189513843
347 -139.08116766209218 -157.8378538908488
348 102.55342505787429 165.84133349883632
349 91.7335985995861 -201.39737717415568
350 181.35863914160444 111.27481750685455
351 43.16079771574267 -193.25414021983548
352 173.28921107128448 53.64889642475384
353 169.7412809385436 -156.38976688799735
354 -152.48393845446068 -136.64060786042137
355 18.513491888083845 205.75020113273473
356 -168.37748549825156 140.68589483243116
357 182.40417666092705 -109.13396314633293
358 -162.2292996047463 146.41373833164707
359 -80.88190377269275 195.7402848804038
360 223.92979516052637 62.81153643403405
361 161.86778525361072 87.644676063409
362 77.01619532033018 -227.8157781984351
363 34.79122495047225 185.5714259151646
364 -1.96732764181001 -193.2955474551079
365 85.27088253658432 221.11296916094787
366 -86.41616468193116 188.8849635378552
367 38.340582587337366 -219.50380500249872
368 106.28688300892846 148.93192909051808
369 -57.04966209408326 -178.80342041837818
370 -188.01473546742938 -95.23151176695544
371 127.59537118502462 163.89223856739096
372 194.51128980842384 86.13644218798422
373 -207.3925113946063 46.890375279020056
374 182.04096046106707 -18.396129027572787
375 7.22742260490227 185.51912329659007
376 194.0954591105168 74.12550366748017
377 -181.88906450567362 -110.5724084305476
378 201.31703791704462 94.24517528596324
379 -114.57671698694884 -173.50238080698236
380 151.317969060311 167.99282851523395
381 118.51623134869214 -205.8039223851179
382 110.39440592423627 -188.67558268615608
383 -99.11094377759234 -215.70753362415584
384 -29.255225295255073 -224.02920135255627
385 -195.09414517483552 -0.8303483927818759
386 -13.538962122190659 217.70962833156491
387 32.34582596520946 235.95005454685787
388 -205.07322967578898 10.38600451485799
389 -184.76043556908596 2.9763456223324636
390 -216.34415375789462 28.59518110436228
391 40.57685437865602 -199.30128339884763
392 -187.47536404781465 91.75375975582114
393 -221.08389948607987 4.791798019531712
394 91.90921490589555 188.35210958059182
395 -22.45441607732067 -231.85499515877507
396 -71.43484620648874 212.70725418319998
397 -77.65672186281826 225.01877965011178
398 69.80318115299913 -179.24256610005986
399 -178.40152455725286 156.37113225547256
400 -107.70107996410347 185.90630793480264
401 194.42856304391609 -58.64235045144758
402 -166.55974386176325 163.81077244785288
403 172.71220048598167 -163.9918353289521
404 210.7888534263599 -50.894127564445036
405 -76.90311429191993 -204.34844805164212
406 -89.36036508734477 -161.6802893666528
407 168.70600818598393 71.91370066628333
408 -95.82981703693967 163.66785279519993
409 -25.54497876344785 -198.72020835401844
410 -181.05678367757102 63.44316165454767
411 -11.530955738628435 214.14117481836854
412 225.1313471743684 -53.60260433094622
413 111.04906712944391 -174.9917965504682
414 177.1184994443947 65.04241152347029
415 -64.91605323667726 182.227089490721
416 -20.022851044339646 -193.7791241653851
417 -173.59662667228437 -103.68803344497152
418 94.77324049738287 214.83549320786727
419 -171.21297472823386 -133.50665336855945
420 152.29501574308225 151.50140634170714
421 -116.04247527019116 159.62750573628912
422 62.24297138105373 225.83425333848507
423 -217.45555521791567 -74.2330056446762
424 187.5210585672964 -3.7728258213411165
425 66.48296539425743 170.82800614802602
426 -178.94797706253038 140.95014501645704
427 34.93352385773773 -237.25084149821947
428 164.76688421791778 125.58436498655196
429 -206.02383162846826 -2.9274108640175767
430 -39.17251386769477 179.15989636471045
431 51.89484135720406 203.1411624005125
432 -205.05893562051818 -54.08612924450473
433 33.06266622394411 -215.56790341783966
434 -67.86991420392687 -210.4851283593234
435 -100.83647302791691 -216.54691454357658
436 120.0159955202731 -192.51554872221027
437 -59.308213759563216 229.13230571880902
438 -11.840255729218685 -182.41427942589658
439 -121.33748015676564 200.68673913183846
440 189.04308121844429 -70.6110483009107
441 -223.9692571726953 -42.85504452862943
442 204.3717317424637 -18.574837545675198
443 -84.27442643395158 200.5087690197037
444 -179.39322343047533 -117.3088758555183
445 -168.53857332258886 90.97802955491967
446 -140.17094105463818 -158.71008387799142
447 -11.656077809193812 185.66461644903256
448 -190.96728446082187 124.65639855875924
449 86.2896923107238 -160.6703596355641
450 -129.2821308846913 187.86793254020407
451 207.93799236483136 75.89727920272121
452 -165.0109309458522 -87.89840346023938
453 112.17808786669212 151.37309197932703
454 -235.80310920690454 44.51671318785079
455 -190.8933905548248 19.51246015410737
456 50.99552707415742 191.6215899077219
457 -208.8300540683482 -8.966427293467623
458 212.79333947419642 51.35338961383713
459 165.77827866488948 -72.33665872725228
460 179.15942554875733 143.51121400492426
461 -125.632023670309 -132.94107615568672
462 -117.59201909617572 147.31554042216453
463 221.4657888381362 30.514895933541922
464 -204.54223489379132 55.556194270455116
465 104.01905464137134 178.49487308238358
466 -155.89448516049984 178.155085199725
467 139.36130435990688 164.74408004479338
468 151.4000292274287 97.77003084681908
469 168.90093309669464 -127.72119418057981
470 167.25396203410466 103.36517057427878
471 209.05011125215802 66.87180183524853
472 -118.8515928906542 195.02999319098961
473 202.15887216102197 91.08008266038733
474 196.97739672870082 -8.534859899508092
475 55.50756204242577 -204.8054326325231
476 -98.4938124509638 -170.73250888063166
477 52.42457558230662 193.57254595200104
478 -86.38511645049871 -217.10962946431553
479 -228.36086112166518 44.41842812679446
480 -173.65645765288218 118.40683278223094
481 185.43007609662482 92.49375218543952
482 -147.38645824502652 -143.0510018832426
483 -83.46310353341865 -197.58358018932617
484 -208.60726958371518 -36.915956907641835
485 80.31034951106234 -189.35706838058297
486 45.47829242257404 -217.30891416528144
487 31.473610014106203 202.07141782098617
488 -66.01715172334117 167.7406226061223
489 -168.75984845828327 -73.63142862007564
490 -191.05377190743368 128.61514520240627
491 176.28227493947333 -73.63742709897755
492 -4.263333506187861 -222.71502849832984
493 -125.81618193764263 -169.44285279716706
494 210.19252960267931 18.412057540263653
495 -113.54535240874576 -142.19016870388543
496 213.37093255068714 -101.0961828913714
497 -16.484282064925086 201.74674879433888
498 -3.69552244685962 -185.4394308256041
499 8.945089693112568 -238.7341519539125
500 195.4391745626772 -31.178675770980767
501 205.02259777695662 -43.61127359199994
502 -162.84984872492336 -116.04411442885386
503 205.27285741708474 53.8515684629573
504 54.88329882973007 175.85812095350508
505 -87.74779764591885 206.76618175100725
506 -33.52514847055774 -236.4566374759185
507 -139.37657585922102 -190.03407029464339
508 134.4104516783636 196.51272655983342
509 -139.37487464228684 -136.9155727923924
510 -62.799610696662455 -194.64540088670248
511 -86.16618976363083 -191.60691286471973
512 -92.25324200638667 156.17295530314976
513 -229.81667618702932 5.4580254198068765
514 -210.33109529530876 109.3057265337059
515 -208.48463931590175 -15.890620241283077
516 -219.6921209796982 -58.196559202061806
517 133.68418937069774 186.56589646504023
518 77.48881151398744 -162.8862860457548
519 -62.163158125648785 -203.87599746049463
520 -35.947436509932174 230.8668393437881
521 203.24064644447202 -7.544016179560208
522 210.24400220359044 103.81713391375386
523 -212.33703271387077 59.06091403314991
524 -178.785010439785 -44.78338338317555
525 -61.380835783884606 -193.3894976828065
526 -201.61487344086996 87.12882304117707
527 200.31425597489903 -44.739553279285076
528 -201.71914323697865 114.97029476639095
529 -189.29688327436483 -120.04931051531294
530 -215.35314635060357 -77.16357946579346
531 -156.60723174400877 -142.85469720981257
532 -3.6215172272976663 180.957159604695
533 -160.31418464489076 -153.50876318308698
534 -116.84748893579157 165.15670046030007
535 -186.4622626037246 79.92627162777698
536 20.634322868574756 213.36322272441416
537 -165.89689315862697 -158.83101332458943
538 -125.82194144231916 -146.56207288626746
539 231.96329688230284 -21.482372760542585
540 64.99979939944365 -173.9123353529608
541 180.33124993290804 -96.04964232108999
542 11.141722151761691 -209.14712840150366
543 -210.65819134588438 -71.93308821113632
544 152.5536543804845 109.45659880421222
545 -196.70910183679075 6.606201688877816
546 -177.9640237492467 104.06254738077392
547 -63.341731443422134 -198.32572449219566
548 216.24933849341474 -29.77692038381187
549 -216.55129531563142 74.47968376025081
550 -49.94182162138331 -200.5848914894828
551 -52.442727708595235 -196.80411230784168
552 136.88160995448877 -131.70721825397052
553 88.891144661434 -177.94520051253767
554 134.29624350143203 156.08670764236552
555 -154.16290328681242 -184.7736359316545
556 89.57294868981975 222.21235964853682
557 -143.06139847345872 115.58221433815456
558 -51.156837672361426 202.22519058422156
559 16.171182543470398 201.9462231363159
560 118.52369222990795 -149.8705282135194
561 -129.01723071740932 141.5196422738898
562 203.39903266569868 64.788571624946
563 61.51843602243348 208.64756401535269
564 218.18784740950625 57.24270007372801
565 92.69377644596231 178.84472302033546
566 183.22470718339218 -35.59549617466649
567 -169.24621675038196 -140.53379804154483
568 64.91450254580913 -176.11534365918408
569 25.60026250940538 178.74410569390838
570 -229.10939476350634 22.393756538381183
571 63.24426805265929 186.19479523884192
572 -157.7053795866879 146.28416118579455
573 80.71086072072143 -213.37819253510173
574 47.00225106943751 195.1297258059875
575 -126.87580697809994 172.22260743855585
576 -46.31222598832565 -218.2668217904297
577 -120.20946602817958 206.68907730105235
578 -181.3447712779066 -139.0781478630321
579 -110.52378184928418 -184.12938428367164
580 -63.124060191047775 201.87420301823772
581 194.09366797836202 -19.1249160805521
582 -62.9917037684742 -173.90676846291262
583 -218.56275316050608 43.1723709023785
584 164.92223367281696 -150.72851156384868
585 178.79055013106245 82.98005704357257
586 -200.21694376275494 -73.11255833858495
587 192.15955865124184 -24.67959436856586
588 -13.361177816413285 210.16619858121516
589 -65.60199326702359 171.17024180863095
590 -197.53916880749006 -19.390381320958138
591 198.7728488508823 126.71245082529418
592 -145.42761861421468 -156.75250698514864
593 -225.89648379897721 6.009998033578276
594 173.75708973405722 74.8814300003533
595 -187.02110389243379 -76.09817315143506
596 -210.6157908262225 0.4558659462535561
597 -51.2411408197155 183.526383291158
598 23.231547662136137 -217.21089656880847
599 196.811319052928 63.429021260268634
600 205.0175640774359 -109.0301235881781
601 -5.6835088727067165 191.67643170061194
602 -195.36258630347768 113.08466355070888
603 -47.45429941319032 180.51902370416303
604 -127.01677792676139 -181.604229642301
605 213.7226633800445 3.8707016774459704
606 216.00375844351007 -56.36040178707161
607 153.2238347167788 99.61571614141982
608 -210.2801501528414 -73.209137043408
609 124.47762288233463 -140.0999578883027
610 -207.02117329155104 -112.9626321905445
611 67.56132653053822 -211.31173689102107
612 14.034166242158221 208.69536772619693
613 122.71978832012728 181.73253456273926
614 204.12252509274222 45.9072472339471
615 3.152359328725391 -196.7952778306885
616 -137.96410638131755 -192.50147519832146
617 216.02417371326385 -44.78890350983966
618 -203.5361587905418 -22.32762631329155
619 -184.26441535152634 -128.03090466037736
620 185.68901057991064 39.61438551798561
621 218.03214805166488 79.52475627154978
622 207.226000589201 51.348102126705896
623 176.8430161722684 -91.26650157024217
624 218.22975911870986 99.8692698106146
625 193.57163654267535 121.77877486059754
626 -172.54615099836442 -74.06499947817282
627 -99.04993322116256 -160.57408696088402
628 92.66052007842303 -193.7322201279196
629 -64.17044164797952 -205.99725613745122
630 -148.9717093222908 -180.8650927828013
631 -180.40485005713245 123.1933751056665
632 183.30079708717557 125.28980244842272
633 155.66362628506147 111.17951495651798
634 95.87266966700352 209.72198813949998
635 192.30093606665397 42.131911906319786
636 -168.30153045940747 -128.00252344357298
637 179.19663785490374 88.61354991538329
638 -149.63864400026588 -145.08557649758185
639 -11.750432559663793 234.54933731308077
640 182.26173430938144 80.53103420876764
641 -224.56861194189085 -74.97061511872168
642 -171.42188182522742 -76.74261925146293
643 -160.83710713550377 157.57829561154253
644 -189.17365556739662 32.460282168275654
645 197.9991698165379 -30.704797375050124
646 22.11778829008828 192.28774290790508
647 54.52374649263702 -210.0488161148935
648 -190.43523956396137 58.325614608311064
649 -202.80675088140964 -56.41141654660618
650 -158.5426236697828 167.67498526558097
651 45.80375791881679 -209.0977649728073
652 -64.45740584738424 -172.65180237965185
653 206.16591338557055 -103.56065136815657
654 -89.20516085093406 192.29783175738365
655 -146.89243876694556 132.99702319137694
656 141.85308827250586 127.45780837028681
657 -66.92470592727354 176.97614136616778
658 -35.475043189998004 -234.00168853224298
659 -190.54526099229417 128.2923873289604
660 76.98688491579556 204.19676187219537
661 -64.56450386773288 204.85775427000746
662 -69.95015495700827 169.80743948484562
663 227.63439643546707 11.693379546097669
664 -179.7540033020879 -86.02249088020963
665 226.93122862624165 9.399083534725822
666 -70.27735672416748 223.79164186023732
667 -92.46831322638351 -172.48315853281386
668 172.54452069954164 75.03371313436939
669 179.91523872918776 116.75449375642539
670 -230.0706995462498 55.45347780573519
671 121.33031744620324 148.66528640758173
672 139.8579604411027 -142.1310529536992
673 -238.15513804118632 31.565604355662522
674 105.46771010511564 -193.83505365513054
675 -67.02474642497442 -187.95640711529833
676 77.41535703000159 191.11014851997476
677 -121.42674934342631 -148.29568645873437
678 68.78614991878719 -226.75736376177866
679 158.6763671697704 88.56122658433777
680 -6.839209378281495 234.98215875324445
681 51.74735382176469 214.13412322996712
682 -90.56668835836652 214.78651252300017
683 10.692916293247881 -190.90917075758475
684 146.93308595181634 136.63835574257655
685 -67.97888357892889 -230.42433229653648
686 -156.67034200466875 -174.58082171840368
687 -115.362459418537 209.41396548542022
688 -178.46529744945974 140.36063895817674
689 -38.00934598656582 -199.94704752079593
690 -157.47962386201505 141.46242805635362
691 194.1787621899994 104.16046430004775
692 13.721154729705622 -217.4015231369512
693 224.43877296833645 -67.43905449906303
694 -165.9243147873105 116.44845914256655
695 -176.03990849747467 -147.25419180768333
696 -154.27030981157878 -159.98356666365413
697 -138.90249106672005 171.14396825623342
698 2.513502576802831 -239.21548463742218
699 -168.6231001282974 -77.10108943402444
700 175.13165699950096 -62.81494580443405
701 112.35094209324953 -155.80944136927118
702 32.48895418575615 -206.93335109220394
703 183.71601661846688 -23.195732166555405
704 85.83673022126779 194.06704262358707
705 166.76865583651747 -152.03638884018616
706 -138.93548014706857 -194.8637426425199
707 86.3733788359479 -162.584378387478
708 92.75158151157557 160.47608039344507
709 61.05996328567208 177.87410028509703
710 204.848070568719 -126.3095828087332
711 46.35518417491695 -177.01466370226242
712 211.45329889238374 34.01506076601461
713 5.204739624397089 -225.83559377971176
714 84.58110152560292 159.77761604584776
715 108.93413982986615 -199.70248314753528
716 -176.35165507213466 104.2264423805474
717 -160.09698490103338 -158.15664993844396
718 150.53253479444987 -177.51407863435819
719 79.08796087228647 -217.36728819693045
720 173.37386984216405 59.419703857157664
721 12.77619939482588 -190.91983739151001
722 -188.23343140513046 24.859077664401884
723 108.85745616404526 -159.82544120983943
724 -13.415294445375253 223.80403323895152
725 -148.06083922959405 -150.23444030353926
726 206.10039378902903 28.9961826728862
727 -146.63622059039406 -118.07589096986975
728 -229.81887369233144 -19.907421622049856
729 -223.83771718503846 -53.21618307076661
730 159.9624635856108 -127.61181707737327
731 -145.67220287916834 138.7209022770474
732 169.43469718361314 151.92466654725635
733 -209.03885845809256 -7.1858773690219575
734 -180.1412328273483 -30.68859216217634
735 206.4268312415933 -99.4627969728535
736 -143.68812087106107 -186.72679736150738
737 -31.35452739885929 187.78568173804328
738 -43.831128586564645 229.14445973889576
739 190.4357428575179 16.788581456978626
740 -177.73044418278596 143.00628453216015
741 101.96593467192743 176.45359725349078
742 65.78301935719678 -198.75532835953587
743 -206.0543935192714 -25.17068385817298
744 -91.87847106387382 216.90421013573044
745 119.13989883720492 -178.4013230128952
746 171.21560908395355 142.0547868421606
747 -81.60784315983388 -219.76375791335914
748 -68.18264862859007 176.07030421303605
749 187.67442407355585 3.654252132246771
