0 1.0456240571659807 1.4320498151873067
1 -0.42311996348378417 -1.8336536351574184
2 -0.8867345369658962 -0.2046601252302315
3 1.859500628452556 -0.815669553778609
4 -0.0058696941997605345 0.13579800669787118
5 0.4772195843310064 -2.3158889781952814
6 -1.766739738493131 -0.9971760927654528
7 -0.504162186239937 -0.8902038590478542
8 1.5269572469846893 -1.2706098542708133
9 1.2146240059960876 -1.1251249910293966
10 1.684371316959684 -0.8092636419985023
11 1.0421851167064469 0.00403534831036937
12 0.9236555096754457 1.387951230329167
13 0.10306954861163839 0.6693218933831803
14 1.9842457890261875 1.056882318673827
15 0.8680724694049626 -2.2622235052557307
16 -1.2453304902686597 0.3029576931522455
17 0.527838227399521 -0.6571096430226692
18 0.1382677346293561 1.7204498270673445
19 0.9111168203405474 0.013087723940623878
20 1.460078388159843 -0.5910369002753678
21 1.6775805935966164 -0.7179284564021892
22 -1.3960780166586588 -0.5802889351151643
23 -1.4684995460541088 1.2554627470786777
24 -1.6573608346268287 1.4905490960281562
25 -1.1367863361170936 -0.52463449480875
26 -1.4138184781933292 0.2900013123078398
27 -0.9606132866763376 1.9668196412605181
28 -1.6370330546704812 -0.5321131439023589
29 1.0443615064006009 -1.117333597622376
30 -1.4682553660594697 0.5287703820748276
31 -2.3394545676425125 0.3193850610258375
32 0.24101752596012915 0.77847048008168
33 2.143421809121054 0.1724050555636497
34 0.5023482594718498 2.1789769514197146
35 0.4707564809196804 1.4852595607647865
36 0.8006352462096369 0.4950354679547572
37 0.754991228757827 0.33399361961018253
38 -1.6880641378857086 -0.19144712273287767
39 0.5096867432249019 0.7287486438962609
40 1.3859999191876957 -1.6787685078049268
41 0.6060694276539391 0.08403899920226685
42 -0.011547944960017119 -0.6243664801150152
43 1.040296021425297 -1.971655234650066
44 2.0312097061182652 -1.2894875946910604
45 -0.08941327402498828 -1.562721900949431
46 -0.968300813634289 -0.15876215952869352
47 -0.20919475848390376 0.16713714323917092
48 0.07486676977325318 0.7540330347339944
49 -1.3639231288267806 0.07061689283063284
50 -1.5059676178785224 0.11356101844996075
51 0.10095767670152303 1.2004097898743293
52 -1.0292509950251338 -1.3076568017753853
53 0.7828913517928848 -0.25520523851160537
54 -0.4912831531478629 0.8775700781136742
55 1.3703664131512046 -0.2618614526304621
56 0.7438629122498007 0.007772424492644698
57 -0.042968521567834234 1.7277572131061922
58 -0.09677978241903039 -0.08813717381392758
59 0.25938795632025285 -1.0020230556194334
60 0.3551277437841388 1.2481153355864463
61 -0.09496624489114452 0.23199213567110785
62 0.2738167087197425 -2.3397283324487224
63 -0.6552599066346562 -1.1318321993371185
64 -0.4776041804307532 -0.9724092825168871
65 -1.3261677598678676 -2.0328729926201103
66 0.5658482378456773 1.497033860358729
67 -1.8940439376121272 -1.2320490393425019
68 -1.13792002557044 1.295541185016186
69 1.0731986337448272 0.05797019208144071
70 2.26128393657996 -0.39906173745684487
71 0.8929025409392994 -0.48072068304033055
72 -0.6382552697169999 -0.7201051675597153
73 0.7865093142898935 0.11024436308565529
74 0.8083693372128595 -0.11399201989129289
75 -1.171142967145759 -0.3604135054795788
76 -1.8783016638316141 -1.3419100061023528
77 -0.48077429827633 -0.8037348967882118
78 1.5528636698038645 1.9531610774713626
79 -1.3808919663794017 0.43879730338058187
80 -1.8582312736522921 -1.1342804959860306
81 1.5289797808345802 -0.9297703750480372
82 1.4882043745567701 -0.9175083306808482
83 0.03512737157585317 -0.13650847248095363
84 0.6245995484496116 1.5780950964305778
85 -1.7723152930410242 1.2338171839735836
86 -0.24975368941364426 -0.17780402246775034
87 -1.451160909177356 -0.5331248486778446
88 -0.743669985079961 -1.7907160635863246
89 -0.057284826335914245 0.4621650955780928
90 0.3747708522649582 0.11071777083105123
91 -0.35658466419313106 0.0061195958101952054
92 0.3436081167934839 -1.1358125574760847
93 0.5093793857691118 -0.3206966708416508
94 0.11374074539196981 -0.034218551390932495
95 -1.0867325562823504 1.3853348845080435
96 -2.240594527374502 1.043105368872324
97 -0.45402573304394295 -0.1089271504817896
98 0.05286492636634725 -0.0323806770255986
99 0.5483794547843179 0.6569298858510365
100 5.315755541609722 -1.7316888511656017
101 4.906039359651438 -3.1516193605361607
102 -1.9848114823896894 -4.764121021613431
103 5.578427715247723 1.304716799990302
104 -3.797193292724637 -4.264414268135843
105 -2.4911063252353323 4.441823063513591
106 4.754605102537065 2.9025421134887726
107 -4.539985080836784 3.5553526761179324
108 -4.862550959534428 2.740953715529437
109 -1.7509611496443247 -4.745090693903741
110 5.668623983891534 0.23388884150954034
111 -0.06797064434105193 -5.783369319461696
112 -4.213192600654276 -3.976821017387808
113 4.106901915719871 -3.8027975535264265
114 -5.2417488400956405 2.640169117586623
115 -3.1802838754107237 3.993178079907009
116 4.171905671213234 -3.645216667026395
117 4.723294455687712 -3.352634555797043
118 -2.2760607045486325 5.26274591571346
119 -1.6866360088120915 -5.746236784102465
120 3.2989655193362393 -4.265572878670938
121 5.053331420026881 -1.794879446150106
122 -5.409973796960945 0.39431296615974903
123 -4.284199393500195 4.1111224852133095
124 3.611891150262885 -4.290775418959156
125 4.469407683048109 3.5973005061524015
126 -1.6220228312563203 -4.950208929592547
127 2.8983471505936484 4.88734053279593
128 2.1917018710666216 -5.146223711061222
129 1.8392844478304966 5.707805053625142
130 5.405230545450408 -0.8938222514027232
131 -4.546844716297166 -2.58786806100084
132 -2.0702963903742377 4.992343843310262
133 0.36675002539365215 -5.724690155931731
134 -3.645431337922985 4.4396077883936425
135 -4.2549971034670255 -3.623561263253541
136 5.617345262198772 -1.3374065243648565
137 4.218035993937982 3.156328976234301
138 4.453549858971574 2.596243831696994
139 -1.9215967606722602 5.552510081292974
140 1.1770403807671768 5.784972009400608
141 3.4590570054742447 -4.466057442194045
142 2.8742808591409363 -5.226969639746093
143 2.1495816132611245 -4.852530802623659
144 4.445639404569271 -3.957190919321943
145 -5.985942048511803 0.22215244684270588
146 -0.5686599979873035 5.36995021713604
147 -1.9965675096550792 4.895483574579632
148 4.730696527629381 3.5290074233590016
149 -0.07394058039301507 -5.27928740272493
150 2.1648162859649753 -5.567399041863929
151 -0.18218961910731682 5.007659444980276
152 -4.859093081444203 3.38287637931549
153 -5.435852280964372 -2.191403921297498
154 4.161558540963671 3.706189543977688
155 -4.792720199669252 -1.5781821783555414
156 2.503794632477598 -4.479375373122755
157 -1.5903195871605775 5.2326950378886234
158 -5.115941713125152 0.12188072804805031
159 1.0660210977339615 5.662070656182081
160 0.26165172214704524 5.600663682464578
161 -1.0204091413988157 5.042239081004275
162 -5.091461654260448 -1.5071811334070009
163 -5.670741481349181 -0.2631694012730061
164 5.3559864390959 1.5314460582629785
165 -4.953966333090328 -1.6213106944159723
166 2.5872580464878303 4.313928834556503
167 4.633116037846402 2.2507485980377533
168 3.8587890199144006 -3.486167669033587
169 -5.455602268869849 -0.1830624876477127
170 -4.955954953211337 1.1150334105441169
171 4.589659464917741 -3.3566960178783076
172 2.6155603289800635 4.996168895726384
173 -4.050103528558905 3.23414457281582
174 2.8482617321059847 -4.13252106742711
175 0.6650137784658082 -5.1470215062574365
176 0.9313031276652138 -5.454422330337614
177 -3.9627369449617595 -3.912962569112347
178 0.29747789833294713 -5.707644929174464
179 1.1024315240987577 -4.880346630307539
180 -0.5270703268707791 -5.1778403883753805
181 -4.13292303779905 3.7424307802078287
182 -0.5099387788176126 -5.2216692926004145
183 0.8021955564178668 -5.007957280533365
184 5.026262665160803 2.348486884786598
185 5.866750351650719 1.2065263178355743
186 5.078758512364327 0.29864242576203726
187 5.5036001566645165 -1.8905312746023484
188 -0.38092732665738943 -5.632231120637185
189 2.7747560903810604 -4.433126645349554
190 -5.646240141337009 0.20415321029604658
191 -1.2598626581440033 5.840575643687278
192 3.2033850789180067 -4.6724937492459055
193 -1.6450655822161857 -5.106943109442869
194 5.187247585815769 -1.0066771427493078
195 0.0465718694599248 -5.329571844957896
196 -4.118187486745641 3.437566549058661
197 1.0860274026494672 -5.64738282766325
198 4.255139210678001 2.843486311187292
199 -4.988242458665088 -0.9775805297762434
200 -2.350022235283588 4.976378487608988
201 5.087697688897346 1.1976986388645479
202 -4.9868813174838325 -0.639492097836385
203 1.5594895540577516 -5.230415948429884
204 -0.8408410816484414 -5.146808624386474
205 5.318843369951502 -2.226956514110127
206 -2.367728192951012 -5.4823712537318565
207 -5.1936382291819 2.1972668367234993
208 1.845215059266976 5.24098218016596
209 -5.106259695345703 -1.8263103913749796
210 -1.1480298762473082 5.780017310648742
211 5.159601088522914 0.816309263400466
212 -5.504333341674953 0.4897447552128202
213 -5.340052417982057 0.8445454799468397
214 3.277558343017567 -4.912805961368993
215 2.5898133227155333 4.32164083296231
216 5.177576105446723 -0.755427866118273
217 -0.1263757512497145 -5.110737780122422
218 3.9464241117754706 4.344780978389137
219 -5.403062239874506 -0.12089962257107825
220 2.1433558677954085 5.542452921896708
221 -5.586731927033115 0.9771077490505391
222 4.919093844020345 -2.0132327115429094
223 -4.7643683042383955 2.1563865451655158
224 5.509185234224843 -0.5053349026030911
225 1.835891829909701 -4.982916621129915
226 4.995510160705084 -2.7485461850494364
227 -3.3869360184751183 4.643971271972879
228 -5.588953128029991 1.3308277884162796
229 -2.8695979032714756 -4.299655955939984
230 -2.6153682054445664 4.987313295368828
231 4.16410431883696 -4.278588240543182
232 -1.1205999131076014 -5.7089326092414945
233 -0.020528877996588403 -5.620280914794867
234 -3.4776949000055772 4.23522525886403
235 -4.523657200753772 -3.7848481277208212
236 5.092159301940696 0.3189900287229105
237 2.274418880274118 4.529752157876935
238 -3.0590555542476348 4.495627673517637
239 -3.90899686628192 3.677064676941314
240 5.289044140453013 0.46948396777830437
241 -3.942161805180653 -4.336001853668269
242 -3.5173828787834034 -4.527984682199815
243 -5.015009169836526 -1.8132553085851482
244 -2.3395473525490256 4.669221941512336
245 4.382586573897362 -3.158513472037713
246 -3.399761144704862 -4.81056871316386
247 2.4680685003495153 5.067744433519584
248 4.534028358584143 3.5012127673846223
249 -2.4982039664322255 -4.594687181625808
250 5.6226221299028625 1.982454130209698
251 1.4060233888718696 5.566772123789432
252 3.0743035506864973 4.402440500828819
253 -1.6621243629999443 -4.817240842236983
254 3.639141189807867 -3.8402624672777086
255 5.556110285019075 0.7746395389545361
256 -2.2977280687563004 4.9460299895542175
257 -3.2770138538101428 4.290042936324384
258 2.631842210107862 4.62971781159254
259 -1.0524890039363528 -5.885631383695472
260 4.511089039450882 2.2624894886721454
261 4.332047323854146 -4.104940129320217
262 5.857570990089773 -0.07900377181601351
263 0.06839137393986347 -5.355042144573683
264 -5.239888000097856 -1.128096567114634
265 0.8708751803107089 -5.8516390491509584
266 3.7743502426006517 -3.890333069280626
267 -5.325667771908845 -1.2485387475050733
268 4.8068012209963324 1.662506699581651
269 -5.089743143402368 -1.4744285396830699
270 4.08851041987986 4.334938463154703
271 -4.07483914012343 3.027112781959696
272 -3.8068246586919052 -3.394643902037978
273 4.297834339182453 3.7886743550844426
274 -0.7416269538045585 5.1655011386875325
275 5.042151253126701 0.39430318375357765
276 -5.624748570450544 -0.9177085866330723
277 5.256767281693658 2.557975217527363
278 -5.30164525619275 -0.14281799709089132
279 2.3252418843592864 -4.587238700872952
280 -5.119445819541358 -0.871085691878115
281 5.247863730709649 0.06081196716430465
282 2.0470372522203286 5.43398034610826
283 -5.417015990384953 -0.26294044375256437
284 -5.548536548724888 -2.080172263839785
285 -0.31779739019064157 -5.386243314683674
286 -5.350221415209521 -1.5946147749505826
287 -5.101862145137629 -3.1284100341396783
288 -5.793358087196572 1.023933401438519
289 -4.949901431992944 3.2364563913928617
290 0.8358153174635873 -5.110655547212169
291 -5.139036807165317 -1.7916873918876155
292 4.114880482500457 -3.2156891704247923
293 1.0624353846995869 -5.53488569134529
294 5.597407260975748 1.0398996935511846
295 -5.239624597855561 -2.0988094706413816
296 -5.441545355535493 -1.7546861081611345
297 -2.674558956077651 4.550382073350015
298 2.6291262688577692 4.694009503761749
299 -5.525681206749275 1.029490660977354
