0 0.7261597779909309 1.6651226600132063
1 -0.14012204583222446 0.39321638179331514
2 -0.025438458095544698 -0.7651517547276282
3 2.0825520799807027 -0.7806477713801104
4 -0.577727734892756 -0.3928130449330819
5 -1.137299886011704 1.6505976460329859
6 0.9508702970291806 -0.5110200540762443
7 1.2925806345515642 -1.739071964479795
8 0.7352318344432219 0.5621395864142725
9 -2.3908149368149387 -0.722917100124834
10 -5.616256499697097 -2.079952425174991
11 4.49584944232687 -2.5639506161846843
12 1.713160955294634 -5.723269535758952
13 -4.807072659475391 -3.0648462275334936
14 -2.7097635844550614 -5.220972320253382
15 -5.768222972211554 -0.11968893337650084
16 -4.38993053701476 3.623517702806896
17 5.184217717702194 -2.1030792797015994
18 -5.251468831022795 -0.6727670120060687
19 2.855759146244084 4.335176915047149
20 -4.275284695702147 -3.0903484136227033
21 5.320253772674725 -2.134507617680293
22 -3.233111221416163 -4.133933691500247
23 -5.575500899014883 -1.983772070827246
24 2.4308354470026714 5.00262505809177
25 -4.183471641417714 4.08124666591308
26 4.692860705446754 2.3975623998367825
27 -3.779052903124651 4.4167491322014465
28 -5.15166728917222 0.4991680792425724
29 5.175972306885489 -1.7335124725577782
30 4.895835842925192 2.7846365765130043
31 -2.977558963031356 -4.870296169944447
32 0.7147198880481282 -5.732482854716618
33 0.7178300837808548 -5.314810311267219
34 -3.772585198793245 -3.8164491957085596
35 -5.203665376571636 2.2130227752012677
36 -1.132476358182947 -5.745593853991845
37 -5.782428228854546 -1.5733347204943284
38 -5.898863713688057 0.41198577392537616
39 5.500758293246511 -2.160567953169086
40 0.6259263185270662 5.513893526640813
41 0.5583791744363439 -4.969034212149034
42 -5.558798915089051 -1.9042283938251896
43 -4.8612172013716135 1.7498750500293407
44 0.9980149550546142 5.8520075014765265
45 -2.784080596381377 -5.14656383258857
46 -3.1479600530783554 -4.986243931210724
47 -4.208046676042054 4.235188906759469
48 1.7431708827524446 5.200551993056785
49 -5.757745315702743 1.5511365549123033
50 -3.028996228971473 4.270811966609492
51 -4.792597927208898 1.7948976614984324
52 4.234461143109855 -3.638939992539336
53 5.616106160294133 -1.5064733976741194
54 -0.554462725563232 -5.006259353927914
55 -5.080865672080992 -2.739954350010762
56 -0.4087207454503376 5.211477192770273
57 3.886925360730976 -3.9951222405776172
58 2.1896530323143955 4.761309513206843
59 -4.459264320267612 -3.0441278486620793
